%YAML:1.0
---
model_type: PINHOLE
camera_name: camera
image_width: 640
image_height: 480
distortion_parameters:
   k1: 0.010894
   k2: -0.007632
   p1: 0.000285
   p2: 0.001042
projection_parameters:
#   fx: 385.7544860839844
#   fy: 385.7544860839844
#   cx: 323.1204833984375
#   cy: 236.7432098388672

#  D435i P
#   fx: 382.15765380859375
#   fy: 382.15765380859375
#   cx: 324.3921813964844
#   cy: 243.83534240722656

#  camera_calibration P
   fx: 385.46692
   fy: 386.15561
   cx: 326.36163
   cy: 243.90676
